%YAML:1.0
calibration_time: "mar 29 nov 2016 11:57:15 CET"
nr_of_frames: 19
image_width: 1280
image_height: 720
board_width: 9
board_height: 6
square_size: 30.
fix_aspect_ratio: 1.
# flags: +fix_aspectRatio +fix_principal_point +zero_tangent_dist
flags: 6158
fisheye_model: 0
camera_matrix: !!opencv-matrix
   rows: 3
   cols: 3
   dt: d
   data: [ 1.0568640653691484e+03, 0., 6.3950000000000000e+02, 0.,
       1.0568640653691484e+03, 3.5950000000000000e+02, 0., 0., 1. ]
distortion_coefficients: !!opencv-matrix
   rows: 5
   cols: 1
   dt: d
   data: [ 2.4832523666069281e-01, -7.6547816353893983e-01, 0., 0.,
       2.0470249303209482e+00 ]
avg_reprojection_error: 4.5190667019373759e-01
per_view_reprojection_errors: !!opencv-matrix
   rows: 19
   cols: 1
   dt: f
   data: [ 4.61555809e-01, 5.56027651e-01, 6.60488725e-01,
       4.30026501e-01, 4.68638718e-01, 4.32743609e-01, 4.64838773e-01,
       6.19043052e-01, 3.97616655e-01, 4.30189610e-01, 3.78821909e-01,
       3.61365914e-01, 3.18060160e-01, 4.22680169e-01, 3.10614288e-01,
       4.67274159e-01, 3.27304661e-01, 4.30834770e-01, 4.75371718e-01 ]
extrinsic_parameters: !!opencv-matrix
   rows: 19
   cols: 6
   dt: d
   data: [ -9.7875513840265077e-02, -1.2148130539884910e-01,
       -6.5056241204317087e-03, -7.1797349693456994e+01,
       -6.6930352523056499e+01, 4.9247879690118691e+02,
       1.0987419936618792e-01, -1.7140993664867328e-02,
       3.6937315705248743e-03, -8.0983565570898747e+01,
       -8.5596396808941535e+01, 4.9518983696545780e+02,
       -7.5950738516000468e-02, -9.4134319549537687e-02,
       -3.7889814545060296e-02, -8.3279770846118254e+01,
       -7.9897753215533058e+01, 4.2902388193608493e+02,
       1.3478843788307807e-02, -1.0399924813716142e-01,
       -6.2061310743874228e-02, -8.1240927500084524e+01,
       -7.9887978020505813e+01, 4.6150737238724901e+02,
       4.1898990189761877e-02, -1.3950590863361148e-01,
       8.3118152151712144e-02, -8.3768850324217681e+01,
       -9.3672339615339780e+01, 4.7778637852207191e+02,
       -9.0665480973114679e-02, -1.1914607370597895e-01,
       -1.3496898902015504e-02, -1.0104908767013536e+02,
       -8.6930263952284847e+01, 5.0667864563636869e+02,
       3.6457972714807649e-02, -1.5133835773257742e-01,
       -5.7790690515334642e-02, -1.0261819252152782e+02,
       -7.1813498635360347e+01, 4.8737499766997962e+02,
       -7.2458467474788138e-02, -2.3923847003876736e-01,
       -4.5282572805993217e-02, -8.4044492116105133e+01,
       -8.6400127473988718e+01, 4.9167682833583655e+02,
       -9.0687497600671504e-02, 1.2436171844834655e-02,
       -2.3644536931800110e-02, -6.8561132028222389e+01,
       -9.6243505873349008e+01, 5.4745781814511781e+02,
       -6.1723736676799819e-02, -1.7178767367674114e-01,
       -3.6629080929849379e-02, -1.6819868630017109e+02,
       -9.1027665978784839e+01, 5.1909047539013068e+02,
       2.7809325538656254e-02, -4.0058379513402478e-02,
       -3.4332792362346924e-02, -1.4335881201390666e+02,
       -1.0462168106369607e+02, 5.6226073886694928e+02,
       -5.4344685917163335e-02, 1.0035736172917226e-01,
       -1.7047231862747207e-02, -7.7161997187903793e+01,
       -1.1507735058151238e+02, 6.1263459104025708e+02,
       -4.1825351280388834e-02, -1.1255697365476033e-01,
       -9.2238272841365876e-02, -9.3843371545715726e+01,
       -8.3303962897554300e+01, 5.9957983220352753e+02,
       3.4648193172479670e-02, -2.1529466484142692e-01,
       -4.7738473586327837e-02, -1.0961871440773511e+02,
       -8.1152489226174055e+01, 5.6592498147748734e+02,
       4.1628124568131412e-02, 3.8091499164843389e-03,
       -8.8988867402518809e-02, -1.0131698842212006e+02,
       -8.9138423686064684e+01, 6.0292817219303254e+02,
       -2.7231114639554913e-02, -2.3218962414438868e-01,
       -4.3005549834677137e-02, -1.0570019094149343e+02,
       -9.2356779245074037e+01, 5.7496092663785407e+02,
       5.3045218860079610e-03, 6.6303766008125120e-03,
       -1.2148896743595467e-02, -7.8634338151073933e+01,
       -1.0017073469502272e+02, 6.1061569204375496e+02,
       1.1579851990383151e-02, -2.3302001779406831e-01,
       -3.6660966737692924e-02, -1.2347134314585479e+02,
       -8.2213022132167723e+01, 5.6322549195213867e+02,
       3.8086425561837278e-02, 2.5304533231450560e-01,
       -1.7081991131710078e-02, -4.8270747031534697e+01,
       -8.6274271878256044e+01, 6.1985790439844902e+02 ]
